Epoch,Train Loss,Train Accuracy,Val Loss,Val Accuracy
1,0.9262,0.7116,0.1492,0.9728
2,0.1765,0.9564,0.0655,0.9852
3,0.1156,0.9707,0.0463,0.9890
4,0.0919,0.9757,0.0572,0.9900
5,0.0725,0.9811,0.0379,0.9898
6,0.0628,0.9832,0.0374,0.9904
7,0.0538,0.9860,0.0458,0.9893
8,0.0505,0.9865,0.0327,0.9919
9,0.0442,0.9880,0.0302,0.9933
10,0.0394,0.9892,0.0317,0.9924
11,0.0370,0.9898,0.0295,0.9929
12,0.0325,0.9912,0.0330,0.9930
13,0.0284,0.9922,0.0305,0.9926
14,0.0287,0.9921,0.0334,0.9926
15,0.0267,0.9926,0.0305,0.9922
16,0.0222,0.9943,0.0315,0.9922
17,0.0208,0.9947,0.0311,0.9920
18,0.0241,0.9937,0.0284,0.9926
19,0.0196,0.9944,0.0291,0.9935
20,0.0193,0.9948,0.0284,0.9933
